[-20, 11]
[11, 14]
[-6, -11]
[-4, -21]
[17, -10]
[1, 23]
[10, -25]
[6, 9]
[-20, 0]
[-14, -23]
[11, 9]
[9, 1]
[10, -14]
[-15, -18]
[-24, -25]
[9, 10]
[-24, 14]
[25, 6]
[16, -10]
[6, -6]
[24, -17]
[15, 6]
[-1, -12]
[-10, 25]
[15, 2]
[-7, -5]
[-18, -20]
[5, 17]
[-10, 23]
[-16, 14]
[-14, -22]
[14, 1]
[5, 6]
[-20, -14]
[-22, 5]
[9, -7]
[20, 15]
[-25, 3]
[-22, -23]
[15, -1]
[8, -14]
[7, -9]
[-7, -4]
[1, 3]
[-9, 10]
[-9, -7]
[-21, 14]
[25, 17]
[-23, 16]
[-5, -11]
[-21, 15]
[-20, -11]
[7, -9]
[14, 6]
[-18, -24]
